1 1 1 1 1 1 1 1 1 1 1 1 1 1 1 1 1 1 1 1 1 1 1 1 1 1 1 1 1 1 1 1 1 1 1 1 1 1 1 1 1 1 1 1 1 1 1 1 1 1 1 1 1 1 1 1 1 1 1 1 1 1 1 1 1 1 1 1 1 1 1 1 1 1 1 1 1 1 1 1 1 1 1 1 1 1 1 1 1 1 1 1 1 1 1 1 1 1 1 1 1 1 1 1 1 1 1 1 1 1 1 1 1 1 1 1 1 1 1 1 1 1 1 1 1 1 1 1 1 1 1 1 1 1 1 1 1 1 1 1 1 1 1 1 1 1 1 1 1 1 1 1 1 1 1 1 1 1 1 1 1 1 1 1 1 1 1 1 1 1 1 1 1 1 1 1 1 1 1 1 1 1 1 1 1 1 1 1 1 1 1 1 1 1 1 1 1 1 1 1 
1 0.999753 0.999507 0.99926 0.999014 0.998768 0.998522 0.998276 0.998031 0.997787 0.997543 0.997299 0.997057 0.996815 0.996574 0.996333 0.996094 0.995855 0.995618 0.995381 0.995146 0.994912 0.994679 0.994448 0.994218 0.993989 0.993762 0.993536 0.993312 0.99309 0.992869 0.99265 0.992433 0.992218 0.992004 0.991793 0.991584 0.991376 0.991171 0.990968 0.990767 0.990569 0.990373 0.990179 0.989988 0.989799 0.989613 0.989429 0.989248 0.989069 0.988893 0.98872 0.98855 0.988382 0.988218 0.988056 0.987897 0.987742 0.987589 0.987439 0.987293 0.987149 0.987009 0.986872 0.986738 0.986607 0.98648 0.986356 0.986236 0.986118 0.986005 0.985894 0.985788 0.985684 0.985585 0.985488 0.985396 0.985307 0.985221 0.98514 0.985061 0.984987 0.984916 0.984849 0.984786 0.984727 0.984671 0.984619 0.984571 0.984527 0.984486 0.984449 0.984417 0.984388 0.984362 0.984341 0.984324 0.98431 0.9843 0.984295 0.984293 0.984295 0.9843 0.98431 0.984324 0.984341 0.984362 0.984388 0.984417 0.984449 0.984486 0.984527 0.984571 0.984619 0.984671 0.984727 0.984786 0.984849 0.984916 0.984987 0.985061 0.98514 0.985221 0.985307 0.985396 0.985488 0.985585 0.985684 0.985788 0.985894 0.986005 0.986118 0.986236 0.986356 0.98648 0.986607 0.986738 0.986872 0.987009 0.987149 0.987293 0.987439 0.987589 0.987742 0.987897 0.988056 0.988218 0.988382 0.98855 0.98872 0.988893 0.989069 0.989248 0.989429 0.989613 0.989799 0.989988 0.990179 0.990373 0.990569 0.990767 0.990968 0.991171 0.991376 0.991584 0.991793 0.992004 0.992218 0.992433 0.99265 0.992869 0.99309 0.993312 0.993536 0.993762 0.993989 0.994218 0.994448 0.994679 0.994912 0.995146 0.995381 0.995618 0.995855 0.996094 0.996333 0.996574 0.996815 0.997057 0.997299 0.997543 0.997787 0.998031 0.998276 0.998522 0.998768 0.999014 0.99926 0.999507 0.999753 
1 0.999507 0.999013 0.99852 0.998028 0.997536 0.997044 0.996553 0.996063 0.995574 0.995086 0.9946 0.994114 0.99363 0.993148 0.992667 0.992188 0.991712 0.991237 0.990764 0.990294 0.989826 0.98936 0.988897 0.988437 0.98798 0.987525 0.987074 0.986626 0.986181 0.98574 0.985302 0.984868 0.984437 0.984011 0.983588 0.983169 0.982755 0.982345 0.981939 0.981537 0.98114 0.980748 0.980361 0.979978 0.9796 0.979228 0.97886 0.978498 0.978141 0.977789 0.977443 0.977103 0.976768 0.976438 0.976115 0.975798 0.975486 0.975181 0.974881 0.974588 0.974301 0.974021 0.973747 0.973479 0.973218 0.972963 0.972716 0.972475 0.97224 0.972013 0.971792 0.971579 0.971372 0.971173 0.97098 0.970795 0.970617 0.970446 0.970283 0.970127 0.969978 0.969836 0.969703 0.969576 0.969457 0.969346 0.969242 0.969146 0.969057 0.968976 0.968903 0.968837 0.968779 0.968729 0.968686 0.968651 0.968624 0.968605 0.968593 0.968589 0.968593 0.968605 0.968624 0.968651 0.968686 0.968729 0.968779 0.968837 0.968903 0.968976 0.969057 0.969146 0.969242 0.969346 0.969457 0.969576 0.969703 0.969836 0.969978 0.970127 0.970283 0.970446 0.970617 0.970795 0.97098 0.971173 0.971372 0.971579 0.971792 0.972013 0.97224 0.972475 0.972716 0.972963 0.973218 0.973479 0.973747 0.974021 0.974301 0.974588 0.974881 0.975181 0.975486 0.975798 0.976115 0.976438 0.976768 0.977103 0.977443 0.977789 0.978141 0.978498 0.97886 0.979228 0.9796 0.979978 0.980361 0.980748 0.98114 0.981537 0.981939 0.982345 0.982755 0.983169 0.983588 0.984011 0.984437 0.984868 0.985302 0.98574 0.986181 0.986626 0.987074 0.987525 0.98798 0.988437 0.988897 0.98936 0.989826 0.990294 0.990764 0.991237 0.991712 0.992188 0.992667 0.993148 0.99363 0.994114 0.9946 0.995086 0.995574 0.996063 0.996553 0.997044 0.997536 0.998028 0.99852 0.999013 0.999507 
1 0.99926 0.99852 0.997781 0.997042 0.996304 0.995567 0.994831 0.994096 0.993363 0.992631 0.991901 0.991173 0.990447 0.989724 0.989003 0.988285 0.98757 0.986858 0.986149 0.985443 0.984741 0.984043 0.983349 0.982659 0.981973 0.981292 0.980615 0.979943 0.979276 0.978614 0.977957 0.977306 0.976661 0.976021 0.975387 0.974759 0.974137 0.973522 0.972914 0.972312 0.971716 0.971128 0.970547 0.969973 0.969407 0.968848 0.968297 0.967753 0.967218 0.966691 0.966172 0.965661 0.965159 0.964665 0.96418 0.963704 0.963237 0.962779 0.96233 0.96189 0.96146 0.961039 0.960628 0.960227 0.959835 0.959453 0.959082 0.95872 0.958369 0.958028 0.957697 0.957377 0.957067 0.956768 0.956479 0.956202 0.955935 0.955678 0.955433 0.955199 0.954976 0.954764 0.954563 0.954373 0.954195 0.954028 0.953872 0.953728 0.953595 0.953474 0.953363 0.953265 0.953178 0.953103 0.953039 0.952987 0.952946 0.952917 0.952899 0.952894 0.952899 0.952917 0.952946 0.952987 0.953039 0.953103 0.953178 0.953265 0.953363 0.953474 0.953595 0.953728 0.953872 0.954028 0.954195 0.954373 0.954563 0.954764 0.954976 0.955199 0.955433 0.955678 0.955935 0.956202 0.956479 0.956768 0.957067 0.957377 0.957697 0.958028 0.958369 0.95872 0.959082 0.959453 0.959835 0.960227 0.960628 0.961039 0.96146 0.96189 0.96233 0.962779 0.963237 0.963704 0.96418 0.964665 0.965159 0.965661 0.966172 0.966691 0.967218 0.967753 0.968297 0.968848 0.969407 0.969973 0.970547 0.971128 0.971716 0.972312 0.972914 0.973522 0.974137 0.974759 0.975387 0.976021 0.976661 0.977306 0.977957 0.978614 0.979276 0.979943 0.980615 0.981292 0.981973 0.982659 0.983349 0.984043 0.984741 0.985443 0.986149 0.986858 0.98757 0.988285 0.989003 0.989724 0.990447 0.991173 0.991901 0.992631 0.993363 0.994096 0.994831 0.995567 0.996304 0.997042 0.997781 0.99852 0.99926 
1 0.999014 0.998028 0.997042 0.996057 0.995074 0.994091 0.99311 0.99213 0.991153 0.990177 0.989204 0.988234 0.987267 0.986303 0.985342 0.984385 0.983431 0.982482 0.981537 0.980597 0.979661 0.97873 0.977805 0.976885 0.975971 0.975063 0.974161 0.973265 0.972376 0.971494 0.970618 0.96975 0.96889 0.968037 0.967192 0.966355 0.965527 0.964706 0.963895 0.963093 0.962299 0.961515 0.960741 0.959976 0.959221 0.958476 0.957741 0.957017 0.956303 0.9556 0.954908 0.954228 0.953558 0.9529 0.952254 0.951619 0.950996 0.950386 0.949787 0.949201 0.948628 0.948067 0.947519 0.946984 0.946462 0.945954 0.945458 0.944976 0.944508 0.944053 0.943612 0.943185 0.942773 0.942374 0.941989 0.941619 0.941263 0.940922 0.940595 0.940283 0.939985 0.939703 0.939435 0.939182 0.938944 0.938722 0.938514 0.938322 0.938144 0.937983 0.937836 0.937705 0.937589 0.937488 0.937403 0.937333 0.937279 0.93724 0.937217 0.937209 0.937217 0.93724 0.937279 0.937333 0.937403 0.937488 0.937589 0.937705 0.937836 0.937983 0.938144 0.938322 0.938514 0.938722 0.938944 0.939182 0.939435 0.939703 0.939985 0.940283 0.940595 0.940922 0.941263 0.941619 0.941989 0.942374 0.942773 0.943185 0.943612 0.944053 0.944508 0.944976 0.945458 0.945954 0.946462 0.946984 0.947519 0.948067 0.948628 0.949201 0.949787 0.950386 0.950996 0.951619 0.952254 0.9529 0.953558 0.954228 0.954908 0.9556 0.956303 0.957017 0.957741 0.958476 0.959221 0.959976 0.960741 0.961515 0.962299 0.963093 0.963895 0.964706 0.965527 0.966355 0.967192 0.968037 0.96889 0.96975 0.970618 0.971494 0.972376 0.973265 0.974161 0.975063 0.975971 0.976885 0.977805 0.97873 0.979661 0.980597 0.981537 0.982482 0.983431 0.984385 0.985342 0.986303 0.987267 0.988234 0.989204 0.990177 0.991153 0.99213 0.99311 0.994091 0.995074 0.996057 0.997042 0.998028 0.999014 
1 0.998768 0.997536 0.996304 0.995074 0.993844 0.992616 0.99139 0.990166 0.988945 0.987726 0.986511 0.985298 0.984089 0.982885 0.981684 0.980488 0.979297 0.978111 0.97693 0.975755 0.974586 0.973423 0.972267 0.971117 0.969975 0.96884 0.967713 0.966594 0.965483 0.96438 0.963287 0.962202 0.961127 0.960061 0.959005 0.95796 0.956924 0.955899 0.954886 0.953883 0.952892 0.951912 0.950944 0.949988 0.949045 0.948114 0.947196 0.946291 0.945399 0.944521 0.943656 0.942806 0.941969 0.941147 0.940339 0.939546 0.938768 0.938005 0.937257 0.936525 0.935809 0.935108 0.934423 0.933755 0.933103 0.932467 0.931848 0.931246 0.930661 0.930092 0.929542 0.929008 0.928492 0.927994 0.927513 0.927051 0.926606 0.926179 0.925771 0.925381 0.925009 0.924656 0.924322 0.924006 0.923709 0.92343 0.923171 0.922931 0.922709 0.922507 0.922324 0.92216 0.922015 0.921889 0.921783 0.921696 0.921628 0.92158 0.921551 0.921541 0.921551 0.92158 0.921628 0.921696 0.921783 0.921889 0.922015 0.92216 0.922324 0.922507 0.922709 0.922931 0.923171 0.92343 0.923709 0.924006 0.924322 0.924656 0.925009 0.925381 0.925771 0.926179 0.926606 0.927051 0.927513 0.927994 0.928492 0.929008 0.929542 0.930092 0.930661 0.931246 0.931848 0.932467 0.933103 0.933755 0.934423 0.935108 0.935809 0.936525 0.937257 0.938005 0.938768 0.939546 0.940339 0.941147 0.941969 0.942806 0.943656 0.944521 0.945399 0.946291 0.947196 0.948114 0.949045 0.949988 0.950944 0.951912 0.952892 0.953883 0.954886 0.955899 0.956924 0.95796 0.959005 0.960061 0.961127 0.962202 0.963287 0.96438 0.965483 0.966594 0.967713 0.96884 0.969975 0.971117 0.972267 0.973423 0.974586 0.975755 0.97693 0.978111 0.979297 0.980488 0.981684 0.982885 0.984089 0.985298 0.986511 0.987726 0.988945 0.990166 0.99139 0.992616 0.993844 0.995074 0.996304 0.997536 0.998768 
1 0.998522 0.997044 0.995567 0.994091 0.992616 0.991144 0.989673 0.988205 0.98674 0.985278 0.98382 0.982366 0.980916 0.979471 0.978031 0.976596 0.975167 0.973745 0.972328 0.970919 0.969517 0.968122 0.966735 0.965356 0.963986 0.962625 0.961273 0.959931 0.958598 0.957276 0.955964 0.954663 0.953373 0.952095 0.950829 0.949574 0.948332 0.947103 0.945887 0.944685 0.943495 0.94232 0.941159 0.940013 0.938882 0.937765 0.936664 0.935578 0.934509 0.933455 0.932418 0.931398 0.930395 0.929408 0.928439 0.927488 0.926555 0.92564 0.924743 0.923865 0.923005 0.922165 0.921344 0.920542 0.919759 0.918997 0.918255 0.917532 0.91683 0.916149 0.915488 0.914848 0.914229 0.913632 0.913055 0.9125 0.911967 0.911455 0.910966 0.910498 0.910052 0.909628 0.909227 0.908848 0.908492 0.908158 0.907847 0.907559 0.907293 0.90705 0.906831 0.906634 0.90646 0.906309 0.906182 0.906077 0.905996 0.905938 0.905903 0.905892 0.905903 0.905938 0.905996 0.906077 0.906182 0.906309 0.90646 0.906634 0.906831 0.90705 0.907293 0.907559 0.907847 0.908158 0.908492 0.908848 0.909227 0.909628 0.910052 0.910498 0.910966 0.911455 0.911967 0.9125 0.913055 0.913632 0.914229 0.914848 0.915488 0.916149 0.91683 0.917532 0.918255 0.918997 0.919759 0.920542 0.921344 0.922165 0.923005 0.923865 0.924743 0.92564 0.926555 0.927488 0.928439 0.929408 0.930395 0.931398 0.932418 0.933455 0.934509 0.935578 0.936664 0.937765 0.938882 0.940013 0.941159 0.94232 0.943495 0.944685 0.945887 0.947103 0.948332 0.949574 0.950829 0.952095 0.953373 0.954663 0.955964 0.957276 0.958598 0.959931 0.961273 0.962625 0.963986 0.965356 0.966735 0.968122 0.969517 0.970919 0.972328 0.973745 0.975167 0.976596 0.978031 0.979471 0.980916 0.982366 0.98382 0.985278 0.98674 0.988205 0.989673 0.991144 0.992616 0.994091 0.995567 0.997044 0.998522 
1 0.998276 0.996553 0.994831 0.99311 0.99139 0.989673 0.987958 0.986247 0.984538 0.982834 0.981133 0.979438 0.977747 0.976062 0.974383 0.97271 0.971044 0.969385 0.967734 0.96609 0.964455 0.962829 0.961212 0.959604 0.958006 0.956419 0.954843 0.953277 0.951724 0.950182 0.948652 0.947135 0.945631 0.944141 0.942664 0.941201 0.939753 0.93832 0.936902 0.9355 0.934113 0.932743 0.931389 0.930053 0.928733 0.927431 0.926147 0.924882 0.923634 0.922406 0.921197 0.920007 0.918837 0.917687 0.916557 0.915448 0.91436 0.913293 0.912247 0.911223 0.910221 0.909241 0.908283 0.907348 0.906436 0.905547 0.904681 0.903839 0.903021 0.902226 0.901456 0.900709 0.899988 0.899291 0.898619 0.897972 0.89735 0.896753 0.896182 0.895636 0.895117 0.894623 0.894155 0.893713 0.893298 0.892908 0.892546 0.892209 0.8919 0.891617 0.89136 0.891131 0.890928 0.890753 0.890604 0.890482 0.890388 0.89032 0.890279 0.890266 0.890279 0.89032 0.890388 0.890482 0.890604 0.890753 0.890928 0.891131 0.89136 0.891617 0.8919 0.892209 0.892546 0.892908 0.893298 0.893713 0.894155 0.894623 0.895117 0.895636 0.896182 0.896753 0.89735 0.897972 0.898619 0.899291 0.899988 0.900709 0.901456 0.902226 0.903021 0.903839 0.904681 0.905547 0.906436 0.907348 0.908283 0.909241 0.910221 0.911223 0.912247 0.913293 0.91436 0.915448 0.916557 0.917687 0.918837 0.920007 0.921197 0.922406 0.923634 0.924882 0.926147 0.927431 0.928733 0.930053 0.931389 0.932743 0.934113 0.9355 0.936902 0.93832 0.939753 0.941201 0.942664 0.944141 0.945631 0.947135 0.948652 0.950182 0.951724 0.953277 0.954843 0.956419 0.958006 0.959604 0.961212 0.962829 0.964455 0.96609 0.967734 0.969385 0.971044 0.97271 0.974383 0.976062 0.977747 0.979438 0.981133 0.982834 0.984538 0.986247 0.987958 0.989673 0.99139 0.99311 0.994831 0.996553 0.998276 
1 0.998031 0.996063 0.994096 0.99213 0.990166 0.988205 0.986247 0.984292 0.98234 0.980394 0.978452 0.976515 0.974584 0.972659 0.970742 0.968831 0.966928 0.965033 0.963147 0.96127 0.959402 0.957545 0.955698 0.953862 0.952037 0.950224 0.948424 0.946636 0.944861 0.9431 0.941353 0.93962 0.937903 0.9362 0.934514 0.932843 0.931189 0.929552 0.927933 0.926331 0.924747 0.923182 0.921636 0.92011 0.918603 0.917116 0.915649 0.914203 0.912779 0.911376 0.909995 0.908636 0.9073 0.905986 0.904696 0.903429 0.902186 0.900967 0.899773 0.898603 0.897459 0.896339 0.895246 0.894178 0.893136 0.89212 0.891132 0.89017 0.889235 0.888327 0.887447 0.886595 0.885771 0.884975 0.884207 0.883468 0.882758 0.882076 0.881424 0.880801 0.880207 0.879643 0.879109 0.878604 0.87813 0.877685 0.877271 0.876887 0.876533 0.87621 0.875917 0.875655 0.875424 0.875223 0.875053 0.874914 0.874806 0.874729 0.874682 0.874667 0.874682 0.874729 0.874806 0.874914 0.875053 0.875223 0.875424 0.875655 0.875917 0.87621 0.876533 0.876887 0.877271 0.877685 0.87813 0.878604 0.879109 0.879643 0.880207 0.880801 0.881424 0.882076 0.882758 0.883468 0.884207 0.884975 0.885771 0.886595 0.887447 0.888327 0.889235 0.89017 0.891132 0.89212 0.893136 0.894178 0.895246 0.896339 0.897459 0.898603 0.899773 0.900967 0.902186 0.903429 0.904696 0.905986 0.9073 0.908636 0.909995 0.911376 0.912779 0.914203 0.915649 0.917116 0.918603 0.92011 0.921636 0.923182 0.924747 0.926331 0.927933 0.929552 0.931189 0.932843 0.934514 0.9362 0.937903 0.93962 0.941353 0.9431 0.944861 0.946636 0.948424 0.950224 0.952037 0.953862 0.955698 0.957545 0.959402 0.96127 0.963147 0.965033 0.966928 0.968831 0.970742 0.972659 0.974584 0.976515 0.978452 0.980394 0.98234 0.984292 0.986247 0.988205 0.990166 0.99213 0.994096 0.996063 0.998031 
1 0.997787 0.995574 0.993363 0.991153 0.988945 0.98674 0.984538 0.98234 0.980147 0.977958 0.975775 0.973598 0.971427 0.969263 0.967107 0.964959 0.96282 0.96069 0.958569 0.956459 0.95436 0.952271 0.950195 0.948131 0.946079 0.944041 0.942017 0.940007 0.938012 0.936032 0.934068 0.93212 0.930189 0.928275 0.926379 0.924501 0.922642 0.920802 0.918981 0.91718 0.9154 0.913641 0.911903 0.910186 0.908492 0.90682 0.905172 0.903546 0.901945 0.900368 0.898815 0.897287 0.895785 0.894308 0.892858 0.891434 0.890036 0.888666 0.887323 0.886009 0.884722 0.883463 0.882234 0.881033 0.879862 0.87872 0.877609 0.876527 0.875476 0.874456 0.873467 0.872509 0.871582 0.870687 0.869824 0.868993 0.868195 0.867429 0.866695 0.865995 0.865328 0.864693 0.864093 0.863525 0.862992 0.862492 0.862026 0.861595 0.861197 0.860833 0.860504 0.86021 0.85995 0.859724 0.859533 0.859377 0.859255 0.859168 0.859116 0.859099 0.859116 0.859168 0.859255 0.859377 0.859533 0.859724 0.85995 0.86021 0.860504 0.860833 0.861197 0.861595 0.862026 0.862492 0.862992 0.863525 0.864093 0.864693 0.865328 0.865995 0.866695 0.867429 0.868195 0.868993 0.869824 0.870687 0.871582 0.872509 0.873467 0.874456 0.875476 0.876527 0.877609 0.87872 0.879862 0.881033 0.882234 0.883463 0.884722 0.886009 0.887323 0.888666 0.890036 0.891434 0.892858 0.894308 0.895785 0.897287 0.898815 0.900368 0.901945 0.903546 0.905172 0.90682 0.908492 0.910186 0.911903 0.913641 0.9154 0.91718 0.918981 0.920802 0.922642 0.924501 0.926379 0.928275 0.930189 0.93212 0.934068 0.936032 0.938012 0.940007 0.942017 0.944041 0.946079 0.948131 0.950195 0.952271 0.95436 0.956459 0.958569 0.96069 0.96282 0.964959 0.967107 0.969263 0.971427 0.973598 0.975775 0.977958 0.980147 0.98234 0.984538 0.98674 0.988945 0.991153 0.993363 0.995574 0.997787 
1 0.997543 0.995086 0.992631 0.990177 0.987726 0.985278 0.982834 0.980394 0.977958 0.975528 0.973104 0.970687 0.968277 0.965875 0.963481 0.961096 0.958721 0.956356 0.954002 0.951659 0.949328 0.94701 0.944704 0.942413 0.940135 0.937872 0.935625 0.933393 0.931178 0.92898 0.9268 0.924637 0.922493 0.920368 0.918263 0.916178 0.914114 0.912071 0.910049 0.90805 0.906074 0.90412 0.90219 0.900285 0.898404 0.896548 0.894718 0.892913 0.891135 0.889384 0.88766 0.885964 0.884296 0.882657 0.881046 0.879465 0.877914 0.876393 0.874902 0.873442 0.872013 0.870616 0.869251 0.867918 0.866618 0.86535 0.864116 0.862915 0.861749 0.860616 0.859518 0.858454 0.857425 0.856432 0.855473 0.854551 0.853664 0.852814 0.852 0.851222 0.850481 0.849777 0.84911 0.84848 0.847888 0.847333 0.846816 0.846336 0.845895 0.845492 0.845126 0.844799 0.84451 0.84426 0.844048 0.843874 0.843739 0.843643 0.843585 0.843566 0.843585 0.843643 0.843739 0.843874 0.844048 0.84426 0.84451 0.844799 0.845126 0.845492 0.845895 0.846336 0.846816 0.847333 0.847888 0.84848 0.84911 0.849777 0.850481 0.851222 0.852 0.852814 0.853664 0.854551 0.855473 0.856432 0.857425 0.858454 0.859518 0.860616 0.861749 0.862915 0.864116 0.86535 0.866618 0.867918 0.869251 0.870616 0.872013 0.873442 0.874902 0.876393 0.877914 0.879465 0.881046 0.882657 0.884296 0.885964 0.88766 0.889384 0.891135 0.892913 0.894718 0.896548 0.898404 0.900285 0.90219 0.90412 0.906074 0.90805 0.910049 0.912071 0.914114 0.916178 0.918263 0.920368 0.922493 0.924637 0.9268 0.92898 0.931178 0.933393 0.935625 0.937872 0.940135 0.942413 0.944704 0.94701 0.949328 0.951659 0.954002 0.956356 0.958721 0.961096 0.963481 0.965875 0.968277 0.970687 0.973104 0.975528 0.977958 0.980394 0.982834 0.985278 0.987726 0.990177 0.992631 0.995086 0.997543 
1 0.997299 0.9946 0.991901 0.989204 0.986511 0.98382 0.981133 0.978452 0.975775 0.973104 0.97044 0.967784 0.965135 0.962495 0.959864 0.957243 0.954633 0.952033 0.949446 0.946871 0.944309 0.941761 0.939227 0.936709 0.934206 0.931719 0.929249 0.926796 0.924362 0.921946 0.919549 0.917173 0.914816 0.912481 0.910167 0.907876 0.905607 0.903362 0.90114 0.898943 0.89677 0.894623 0.892503 0.890408 0.888341 0.886301 0.88429 0.882306 0.880352 0.878428 0.876533 0.874669 0.872836 0.871034 0.869264 0.867526 0.865821 0.864149 0.862511 0.860906 0.859336 0.857801 0.8563 0.854835 0.853406 0.852013 0.850657 0.849337 0.848055 0.84681 0.845603 0.844434 0.843303 0.842211 0.841158 0.840144 0.83917 0.838235 0.83734 0.836486 0.835671 0.834898 0.834165 0.833472 0.832821 0.832212 0.831643 0.831116 0.830631 0.830188 0.829786 0.829427 0.829109 0.828834 0.828601 0.82841 0.828262 0.828156 0.828092 0.828071 0.828092 0.828156 0.828262 0.82841 0.828601 0.828834 0.829109 0.829427 0.829786 0.830188 0.830631 0.831116 0.831643 0.832212 0.832821 0.833472 0.834165 0.834898 0.835671 0.836486 0.83734 0.838235 0.83917 0.840144 0.841158 0.842211 0.843303 0.844434 0.845603 0.84681 0.848055 0.849337 0.850657 0.852013 0.853406 0.854835 0.8563 0.857801 0.859336 0.860906 0.862511 0.864149 0.865821 0.867526 0.869264 0.871034 0.872836 0.874669 0.876533 0.878428 0.880352 0.882306 0.88429 0.886301 0.888341 0.890408 0.892503 0.894623 0.89677 0.898943 0.90114 0.903362 0.905607 0.907876 0.910167 0.912481 0.914816 0.917173 0.919549 0.921946 0.924362 0.926796 0.929249 0.931719 0.934206 0.936709 0.939227 0.941761 0.944309 0.946871 0.949446 0.952033 0.954633 0.957243 0.959864 0.962495 0.965135 0.967784 0.97044 0.973104 0.975775 0.978452 0.981133 0.98382 0.986511 0.989204 0.991901 0.9946 0.997299 
1 0.997057 0.994114 0.991173 0.988234 0.985298 0.982366 0.979438 0.976515 0.973598 0.970687 0.967784 0.964888 0.962001 0.959124 0.956257 0.9534 0.950555 0.947722 0.944902 0.942096 0.939304 0.936527 0.933765 0.93102 0.928292 0.925582 0.92289 0.920217 0.917564 0.914931 0.912319 0.909728 0.90716 0.904615 0.902094 0.899596 0.897123 0.894676 0.892255 0.88986 0.887492 0.885153 0.882841 0.880559 0.878306 0.876083 0.87389 0.871729 0.869599 0.867501 0.865437 0.863405 0.861407 0.859443 0.857514 0.85562 0.853762 0.85194 0.850154 0.848405 0.846694 0.845021 0.843385 0.841789 0.840231 0.838713 0.837235 0.835797 0.834399 0.833042 0.831726 0.830452 0.82922 0.82803 0.826882 0.825777 0.824715 0.823697 0.822721 0.82179 0.820902 0.820059 0.81926 0.818506 0.817796 0.817131 0.816512 0.815938 0.815409 0.814926 0.814488 0.814096 0.81375 0.81345 0.813196 0.812988 0.812827 0.812711 0.812642 0.812619 0.812642 0.812711 0.812827 0.812988 0.813196 0.81345 0.81375 0.814096 0.814488 0.814926 0.815409 0.815938 0.816512 0.817131 0.817796 0.818506 0.81926 0.820059 0.820902 0.82179 0.822721 0.823697 0.824715 0.825777 0.826882 0.82803 0.82922 0.830452 0.831726 0.833042 0.834399 0.835797 0.837235 0.838713 0.840231 0.841789 0.843385 0.845021 0.846694 0.848405 0.850154 0.85194 0.853762 0.85562 0.857514 0.859443 0.861407 0.863405 0.865437 0.867501 0.869599 0.871729 0.87389 0.876083 0.878306 0.880559 0.882841 0.885153 0.887492 0.88986 0.892255 0.894676 0.897123 0.899596 0.902094 0.904615 0.90716 0.909728 0.912319 0.914931 0.917564 0.920217 0.92289 0.925582 0.928292 0.93102 0.933765 0.936527 0.939304 0.942096 0.944902 0.947722 0.950555 0.9534 0.956257 0.959124 0.962001 0.964888 0.967784 0.970687 0.973598 0.976515 0.979438 0.982366 0.985298 0.988234 0.991173 0.994114 0.997057 
1 0.996815 0.99363 0.990447 0.987267 0.984089 0.980916 0.977747 0.974584 0.971427 0.968277 0.965135 0.962001 0.958877 0.955763 0.95266 0.949569 0.94649 0.943424 0.940372 0.937335 0.934314 0.931308 0.92832 0.925349 0.922397 0.919463 0.91655 0.913657 0.910786 0.907936 0.90511 0.902306 0.899527 0.896773 0.894044 0.891341 0.888665 0.886017 0.883396 0.880805 0.878242 0.87571 0.873209 0.870739 0.8683 0.865894 0.863522 0.861183 0.858878 0.856608 0.854373 0.852174 0.850012 0.847887 0.845799 0.84375 0.841739 0.839767 0.837834 0.835942 0.83409 0.832279 0.830509 0.828781 0.827095 0.825452 0.823853 0.822296 0.820784 0.819315 0.817891 0.816513 0.815179 0.813891 0.812649 0.811453 0.810304 0.809201 0.808146 0.807138 0.806177 0.805265 0.8044 0.803584 0.802816 0.802096 0.801426 0.800805 0.800232 0.799709 0.799236 0.798812 0.798437 0.798113 0.797838 0.797613 0.797438 0.797313 0.797238 0.797213 0.797238 0.797313 0.797438 0.797613 0.797838 0.798113 0.798437 0.798812 0.799236 0.799709 0.800232 0.800805 0.801426 0.802096 0.802816 0.803584 0.8044 0.805265 0.806177 0.807138 0.808146 0.809201 0.810304 0.811453 0.812649 0.813891 0.815179 0.816513 0.817891 0.819315 0.820784 0.822296 0.823853 0.825452 0.827095 0.828781 0.830509 0.832279 0.83409 0.835942 0.837834 0.839767 0.841739 0.84375 0.845799 0.847887 0.850012 0.852174 0.854373 0.856608 0.858878 0.861183 0.863522 0.865894 0.8683 0.870739 0.873209 0.87571 0.878242 0.880805 0.883396 0.886017 0.888665 0.891341 0.894044 0.896773 0.899527 0.902306 0.90511 0.907936 0.910786 0.913657 0.91655 0.919463 0.922397 0.925349 0.92832 0.931308 0.934314 0.937335 0.940372 0.943424 0.94649 0.949569 0.95266 0.955763 0.958877 0.962001 0.965135 0.968277 0.971427 0.974584 0.977747 0.980916 0.984089 0.987267 0.990447 0.99363 0.996815 
1 0.996574 0.993148 0.989724 0.986303 0.982885 0.979471 0.976062 0.972659 0.969263 0.965875 0.962495 0.959124 0.955763 0.952414 0.949075 0.94575 0.942438 0.93914 0.935857 0.93259 0.92934 0.926107 0.922892 0.919696 0.91652 0.913365 0.910231 0.907119 0.90403 0.900965 0.897924 0.894909 0.891919 0.888956 0.88602 0.883113 0.880234 0.877385 0.874566 0.871779 0.869022 0.866298 0.863608 0.86095 0.858327 0.855739 0.853187 0.850671 0.848191 0.845749 0.843346 0.84098 0.838654 0.836368 0.834123 0.831918 0.829754 0.827633 0.825554 0.823518 0.821526 0.819578 0.817674 0.815816 0.814002 0.812235 0.810514 0.80884 0.807213 0.805633 0.804101 0.802618 0.801184 0.799798 0.798462 0.797176 0.795939 0.794753 0.793618 0.792533 0.7915 0.790518 0.789588 0.78871 0.787884 0.78711 0.786389 0.785721 0.785105 0.784542 0.784033 0.783577 0.783174 0.782825 0.782529 0.782287 0.782099 0.781964 0.781884 0.781857 0.781884 0.781964 0.782099 0.782287 0.782529 0.782825 0.783174 0.783577 0.784033 0.784542 0.785105 0.785721 0.786389 0.78711 0.787884 0.78871 0.789588 0.790518 0.7915 0.792533 0.793618 0.794753 0.795939 0.797176 0.798462 0.799798 0.801184 0.802618 0.804101 0.805633 0.807213 0.80884 0.810514 0.812235 0.814002 0.815816 0.817674 0.819578 0.821526 0.823518 0.825554 0.827633 0.829754 0.831918 0.834123 0.836368 0.838654 0.84098 0.843346 0.845749 0.848191 0.850671 0.853187 0.855739 0.858327 0.86095 0.863608 0.866298 0.869022 0.871779 0.874566 0.877385 0.880234 0.883113 0.88602 0.888956 0.891919 0.894909 0.897924 0.900965 0.90403 0.907119 0.910231 0.913365 0.91652 0.919696 0.922892 0.926107 0.92934 0.93259 0.935857 0.93914 0.942438 0.94575 0.949075 0.952414 0.955763 0.959124 0.962495 0.965875 0.969263 0.972659 0.976062 0.979471 0.982885 0.986303 0.989724 0.993148 0.996574 
1 0.996333 0.992667 0.989003 0.985342 0.981684 0.978031 0.974383 0.970742 0.967107 0.963481 0.959864 0.956257 0.95266 0.949075 0.945503 0.941944 0.9384 0.934871 0.931358 0.927861 0.924383 0.920923 0.917483 0.914063 0.910664 0.907288 0.903934 0.900604 0.897298 0.894018 0.890764 0.887537 0.884337 0.881167 0.878025 0.874914 0.871833 0.868784 0.865768 0.862784 0.859835 0.85692 0.85404 0.851196 0.848389 0.84562 0.842888 0.840196 0.837542 0.834929 0.832357 0.829826 0.827337 0.82489 0.822487 0.820127 0.817812 0.815542 0.813317 0.811139 0.809007 0.806922 0.804885 0.802896 0.800955 0.799064 0.797222 0.79543 0.793689 0.791999 0.79036 0.788772 0.787237 0.785754 0.784325 0.782948 0.781625 0.780356 0.779141 0.77798 0.776875 0.775824 0.774829 0.773889 0.773005 0.772177 0.771405 0.77069 0.770031 0.769429 0.768884 0.768395 0.767964 0.767591 0.767274 0.767015 0.766814 0.76667 0.766583 0.766555 0.766583 0.76667 0.766814 0.767015 0.767274 0.767591 0.767964 0.768395 0.768884 0.769429 0.770031 0.77069 0.771405 0.772177 0.773005 0.773889 0.774829 0.775824 0.776875 0.77798 0.779141 0.780356 0.781625 0.782948 0.784325 0.785754 0.787237 0.788772 0.79036 0.791999 0.793689 0.79543 0.797222 0.799064 0.800955 0.802896 0.804885 0.806922 0.809007 0.811139 0.813317 0.815542 0.817812 0.820127 0.822487 0.82489 0.827337 0.829826 0.832357 0.834929 0.837542 0.840196 0.842888 0.84562 0.848389 0.851196 0.85404 0.85692 0.859835 0.862784 0.865768 0.868784 0.871833 0.874914 0.878025 0.881167 0.884337 0.887537 0.890764 0.894018 0.897298 0.900604 0.903934 0.907288 0.910664 0.914063 0.917483 0.920923 0.924383 0.927861 0.931358 0.934871 0.9384 0.941944 0.945503 0.949075 0.95266 0.956257 0.959864 0.963481 0.967107 0.970742 0.974383 0.978031 0.981684 0.985342 0.989003 0.992667 0.996333 
1 0.996094 0.992188 0.988285 0.984385 0.980488 0.976596 0.97271 0.968831 0.964959 0.961096 0.957243 0.9534 0.949569 0.94575 0.941944 0.938153 0.934377 0.930618 0.926875 0.923151 0.919445 0.915759 0.912094 0.908451 0.904831 0.901233 0.897661 0.894113 0.890592 0.887097 0.883631 0.880193 0.876784 0.873407 0.87006 0.866745 0.863464 0.860216 0.857002 0.853824 0.850682 0.847576 0.844508 0.841479 0.838489 0.835538 0.832629 0.82976 0.826934 0.82415 0.821409 0.818713 0.816061 0.813455 0.810895 0.808381 0.805915 0.803496 0.801127 0.798806 0.796534 0.794313 0.792143 0.790024 0.787957 0.785942 0.78398 0.782071 0.780216 0.778416 0.77667 0.774979 0.773343 0.771764 0.770241 0.768774 0.767365 0.766012 0.764718 0.763482 0.762304 0.761185 0.760124 0.759123 0.758181 0.757299 0.756477 0.755715 0.755013 0.754372 0.753791 0.753271 0.752812 0.752414 0.752077 0.751801 0.751586 0.751433 0.751341 0.75131 0.751341 0.751433 0.751586 0.751801 0.752077 0.752414 0.752812 0.753271 0.753791 0.754372 0.755013 0.755715 0.756477 0.757299 0.758181 0.759123 0.760124 0.761185 0.762304 0.763482 0.764718 0.766012 0.767365 0.768774 0.770241 0.771764 0.773343 0.774979 0.77667 0.778416 0.780216 0.782071 0.78398 0.785942 0.787957 0.790024 0.792143 0.794313 0.796534 0.798806 0.801127 0.803496 0.805915 0.808381 0.810895 0.813455 0.816061 0.818713 0.821409 0.82415 0.826934 0.82976 0.832629 0.835538 0.838489 0.841479 0.844508 0.847576 0.850682 0.853824 0.857002 0.860216 0.863464 0.866745 0.87006 0.873407 0.876784 0.880193 0.883631 0.887097 0.890592 0.894113 0.897661 0.901233 0.904831 0.908451 0.912094 0.915759 0.919445 0.923151 0.926875 0.930618 0.934377 0.938153 0.941944 0.94575 0.949569 0.9534 0.957243 0.961096 0.964959 0.968831 0.97271 0.976596 0.980488 0.984385 0.988285 0.992188 0.996094 
1 0.995855 0.991712 0.98757 0.983431 0.979297 0.975167 0.971044 0.966928 0.96282 0.958721 0.954633 0.950555 0.94649 0.942438 0.9384 0.934377 0.930371 0.926382 0.922411 0.918459 0.914527 0.910616 0.906728 0.902862 0.89902 0.895203 0.891412 0.887648 0.883912 0.880204 0.876526 0.872878 0.869262 0.865678 0.862127 0.85861 0.855128 0.851681 0.848272 0.844899 0.841565 0.83827 0.835015 0.831801 0.828628 0.825498 0.82241 0.819366 0.816367 0.813414 0.810506 0.807645 0.804831 0.802066 0.799349 0.796682 0.794065 0.791499 0.788985 0.786522 0.784112 0.781756 0.779453 0.777205 0.775011 0.772873 0.770792 0.768766 0.766798 0.764887 0.763035 0.761241 0.759505 0.757829 0.756213 0.754657 0.753162 0.751727 0.750354 0.749042 0.747792 0.746604 0.745479 0.744417 0.743418 0.742482 0.741609 0.740801 0.740056 0.739376 0.738759 0.738208 0.73772 0.737298 0.73694 0.736648 0.73642 0.736257 0.73616 0.736127 0.73616 0.736257 0.73642 0.736648 0.73694 0.737298 0.73772 0.738208 0.738759 0.739376 0.740056 0.740801 0.741609 0.742482 0.743418 0.744417 0.745479 0.746604 0.747792 0.749042 0.750354 0.751727 0.753162 0.754657 0.756213 0.757829 0.759505 0.761241 0.763035 0.764887 0.766798 0.768766 0.770792 0.772873 0.775011 0.777205 0.779453 0.781756 0.784112 0.786522 0.788985 0.791499 0.794065 0.796682 0.799349 0.802066 0.804831 0.807645 0.810506 0.813414 0.816367 0.819366 0.82241 0.825498 0.828628 0.831801 0.835015 0.83827 0.841565 0.844899 0.848272 0.851681 0.855128 0.85861 0.862127 0.865678 0.869262 0.872878 0.876526 0.880204 0.883912 0.887648 0.891412 0.895203 0.89902 0.902862 0.906728 0.910616 0.914527 0.918459 0.922411 0.926382 0.930371 0.934377 0.9384 0.942438 0.94649 0.950555 0.954633 0.958721 0.96282 0.966928 0.971044 0.975167 0.979297 0.983431 0.98757 0.991712 0.995855 
1 0.995618 0.991237 0.986858 0.982482 0.978111 0.973745 0.969385 0.965033 0.96069 0.956356 0.952033 0.947722 0.943424 0.93914 0.934871 0.930618 0.926382 0.922164 0.917965 0.913787 0.90963 0.905495 0.901384 0.897297 0.893235 0.889199 0.885191 0.881211 0.877261 0.873341 0.869452 0.865595 0.861771 0.857982 0.854228 0.850509 0.846828 0.843184 0.839579 0.836013 0.832488 0.829004 0.825563 0.822164 0.81881 0.8155 0.812235 0.809017 0.805847 0.802723 0.799649 0.796624 0.79365 0.790726 0.787853 0.785034 0.782267 0.779554 0.776895 0.774291 0.771744 0.769252 0.766817 0.76444 0.762121 0.759861 0.75766 0.755518 0.753437 0.751417 0.749458 0.747561 0.745727 0.743955 0.742246 0.740601 0.739019 0.737503 0.736051 0.734664 0.733342 0.732087 0.730897 0.729774 0.728717 0.727728 0.726806 0.725951 0.725163 0.724444 0.723792 0.723209 0.722694 0.722247 0.721869 0.721559 0.721319 0.721147 0.721043 0.721009 0.721043 0.721147 0.721319 0.721559 0.721869 0.722247 0.722694 0.723209 0.723792 0.724444 0.725163 0.725951 0.726806 0.727728 0.728717 0.729774 0.730897 0.732087 0.733342 0.734664 0.736051 0.737503 0.739019 0.740601 0.742246 0.743955 0.745727 0.747561 0.749458 0.751417 0.753437 0.755518 0.75766 0.759861 0.762121 0.76444 0.766817 0.769252 0.771744 0.774291 0.776895 0.779554 0.782267 0.785034 0.787853 0.790726 0.79365 0.796624 0.799649 0.802723 0.805847 0.809017 0.812235 0.8155 0.81881 0.822164 0.825563 0.829004 0.832488 0.836013 0.839579 0.843184 0.846828 0.850509 0.854228 0.857982 0.861771 0.865595 0.869452 0.873341 0.877261 0.881211 0.885191 0.889199 0.893235 0.897297 0.901384 0.905495 0.90963 0.913787 0.917965 0.922164 0.926382 0.930618 0.934871 0.93914 0.943424 0.947722 0.952033 0.956356 0.96069 0.965033 0.969385 0.973745 0.978111 0.982482 0.986858 0.991237 0.995618 
1 0.995381 0.990764 0.986149 0.981537 0.97693 0.972328 0.967734 0.963147 0.958569 0.954002 0.949446 0.944902 0.940372 0.935857 0.931358 0.926875 0.922411 0.917965 0.91354 0.909137 0.904755 0.900397 0.896064 0.891757 0.887476 0.883223 0.878998 0.874804 0.87064 0.866508 0.86241 0.858345 0.854315 0.850321 0.846364 0.842445 0.838565 0.834725 0.830925 0.827167 0.823452 0.819781 0.816153 0.812572 0.809036 0.805548 0.802107 0.798716 0.795374 0.792082 0.788842 0.785654 0.782519 0.779437 0.77641 0.773438 0.770522 0.767663 0.76486 0.762116 0.759431 0.756805 0.754239 0.751734 0.749289 0.746907 0.744587 0.74233 0.740137 0.738008 0.735944 0.733944 0.732011 0.730143 0.728342 0.726608 0.724942 0.723343 0.721813 0.720351 0.718958 0.717635 0.716381 0.715197 0.714084 0.713041 0.712069 0.711168 0.710338 0.70958 0.708893 0.708278 0.707735 0.707265 0.706866 0.70654 0.706286 0.706105 0.705996 0.70596 0.705996 0.706105 0.706286 0.70654 0.706866 0.707265 0.707735 0.708278 0.708893 0.70958 0.710338 0.711168 0.712069 0.713041 0.714084 0.715197 0.716381 0.717635 0.718958 0.720351 0.721813 0.723343 0.724942 0.726608 0.728342 0.730143 0.732011 0.733944 0.735944 0.738008 0.740137 0.74233 0.744587 0.746907 0.749289 0.751734 0.754239 0.756805 0.759431 0.762116 0.76486 0.767663 0.770522 0.773438 0.77641 0.779437 0.782519 0.785654 0.788842 0.792082 0.795374 0.798716 0.802107 0.805548 0.809036 0.812572 0.816153 0.819781 0.823452 0.827167 0.830925 0.834725 0.838565 0.842445 0.846364 0.850321 0.854315 0.858345 0.86241 0.866508 0.87064 0.874804 0.878998 0.883223 0.887476 0.891757 0.896064 0.900397 0.904755 0.909137 0.91354 0.917965 0.922411 0.926875 0.931358 0.935857 0.940372 0.944902 0.949446 0.954002 0.958569 0.963147 0.967734 0.972328 0.97693 0.981537 0.986149 0.990764 0.995381 
1 0.995146 0.990294 0.985443 0.980597 0.975755 0.970919 0.96609 0.96127 0.956459 0.951659 0.946871 0.942096 0.937335 0.93259 0.927861 0.923151 0.918459 0.913787 0.909137 0.904508 0.899904 0.895324 0.89077 0.886243 0.881744 0.877275 0.872835 0.868427 0.864051 0.859709 0.855402 0.85113 0.846895 0.842698 0.838539 0.83442 0.830343 0.826307 0.822314 0.818364 0.81446 0.810601 0.806789 0.803025 0.79931 0.795643 0.792028 0.788463 0.784951 0.781492 0.778087 0.774736 0.771441 0.768203 0.765022 0.761898 0.758834 0.755829 0.752884 0.75 0.747178 0.744418 0.741721 0.739088 0.73652 0.734016 0.731578 0.729206 0.726901 0.724664 0.722494 0.720393 0.718361 0.716398 0.714506 0.712683 0.710932 0.709252 0.707644 0.706107 0.704644 0.703253 0.701935 0.700691 0.699521 0.698425 0.697404 0.696457 0.695584 0.694788 0.694066 0.69342 0.692849 0.692354 0.691936 0.691593 0.691326 0.691135 0.691021 0.690983 0.691021 0.691135 0.691326 0.691593 0.691936 0.692354 0.692849 0.69342 0.694066 0.694788 0.695584 0.696457 0.697404 0.698425 0.699521 0.700691 0.701935 0.703253 0.704644 0.706107 0.707644 0.709252 0.710932 0.712683 0.714506 0.716398 0.718361 0.720393 0.722494 0.724664 0.726901 0.729206 0.731578 0.734016 0.73652 0.739088 0.741721 0.744418 0.747178 0.75 0.752884 0.755829 0.758834 0.761898 0.765022 0.768203 0.771441 0.774736 0.778087 0.781492 0.784951 0.788463 0.792028 0.795643 0.79931 0.803025 0.806789 0.810601 0.81446 0.818364 0.822314 0.826307 0.830343 0.83442 0.838539 0.842698 0.846895 0.85113 0.855402 0.859709 0.864051 0.868427 0.872835 0.877275 0.881744 0.886243 0.89077 0.895324 0.899904 0.904508 0.909137 0.913787 0.918459 0.923151 0.927861 0.93259 0.937335 0.942096 0.946871 0.951659 0.956459 0.96127 0.96609 0.970919 0.975755 0.980597 0.985443 0.990294 0.995146 
1 0.994912 0.989826 0.984741 0.979661 0.974586 0.969517 0.964455 0.959402 0.95436 0.949328 0.944309 0.939304 0.934314 0.92934 0.924383 0.919445 0.914527 0.90963 0.904755 0.899904 0.895078 0.890277 0.885503 0.880758 0.876042 0.871357 0.866703 0.862083 0.857496 0.852945 0.848429 0.843952 0.839512 0.835113 0.830754 0.826436 0.822162 0.817931 0.813746 0.809606 0.805513 0.801469 0.797473 0.793527 0.789632 0.78579 0.782 0.778263 0.774582 0.770956 0.767386 0.763874 0.760421 0.757026 0.753691 0.750417 0.747205 0.744055 0.740968 0.737945 0.734987 0.732094 0.729267 0.726507 0.723815 0.721191 0.718635 0.716149 0.713733 0.711387 0.709113 0.706911 0.704781 0.702723 0.700739 0.698829 0.696993 0.695232 0.693546 0.691936 0.690402 0.688944 0.687563 0.686259 0.685032 0.683884 0.682813 0.68182 0.680906 0.680071 0.679314 0.678637 0.678039 0.67752 0.677081 0.676722 0.676442 0.676242 0.676123 0.676083 0.676123 0.676242 0.676442 0.676722 0.677081 0.67752 0.678039 0.678637 0.679314 0.680071 0.680906 0.68182 0.682813 0.683884 0.685032 0.686259 0.687563 0.688944 0.690402 0.691936 0.693546 0.695232 0.696993 0.698829 0.700739 0.702723 0.704781 0.706911 0.709113 0.711387 0.713733 0.716149 0.718635 0.721191 0.723815 0.726507 0.729267 0.732094 0.734987 0.737945 0.740968 0.744055 0.747205 0.750417 0.753691 0.757026 0.760421 0.763874 0.767386 0.770956 0.774582 0.778263 0.782 0.78579 0.789632 0.793527 0.797473 0.801469 0.805513 0.809606 0.813746 0.817931 0.822162 0.826436 0.830754 0.835113 0.839512 0.843952 0.848429 0.852945 0.857496 0.862083 0.866703 0.871357 0.876042 0.880758 0.885503 0.890277 0.895078 0.899904 0.904755 0.90963 0.914527 0.919445 0.924383 0.92934 0.934314 0.939304 0.944309 0.949328 0.95436 0.959402 0.964455 0.969517 0.974586 0.979661 0.984741 0.989826 0.994912 
1 0.994679 0.98936 0.984043 0.97873 0.973423 0.968122 0.962829 0.957545 0.952271 0.94701 0.941761 0.936527 0.931308 0.926107 0.920923 0.915759 0.910616 0.905495 0.900397 0.895324 0.890277 0.885257 0.880265 0.875302 0.870371 0.865471 0.860604 0.855772 0.850976 0.846216 0.841494 0.836812 0.832169 0.827568 0.82301 0.818495 0.814025 0.809601 0.805224 0.800895 0.796615 0.792385 0.788207 0.78408 0.780007 0.775989 0.772025 0.768118 0.764268 0.760476 0.756743 0.753071 0.749459 0.745909 0.742422 0.738998 0.735639 0.732345 0.729116 0.725955 0.722862 0.719836 0.71688 0.713994 0.711178 0.708434 0.705762 0.703162 0.700635 0.698182 0.695804 0.693501 0.691273 0.689122 0.687047 0.685049 0.68313 0.681288 0.679525 0.677841 0.676237 0.674712 0.673268 0.671904 0.670621 0.66942 0.6683 0.667262 0.666306 0.665433 0.664641 0.663933 0.663308 0.662765 0.662306 0.661931 0.661638 0.661429 0.661304 0.661262 0.661304 0.661429 0.661638 0.661931 0.662306 0.662765 0.663308 0.663933 0.664641 0.665433 0.666306 0.667262 0.6683 0.66942 0.670621 0.671904 0.673268 0.674712 0.676237 0.677841 0.679525 0.681288 0.68313 0.685049 0.687047 0.689122 0.691273 0.693501 0.695804 0.698182 0.700635 0.703162 0.705762 0.708434 0.711178 0.713994 0.71688 0.719836 0.722862 0.725955 0.729116 0.732345 0.735639 0.738998 0.742422 0.745909 0.749459 0.753071 0.756743 0.760476 0.764268 0.768118 0.772025 0.775989 0.780007 0.78408 0.788207 0.792385 0.796615 0.800895 0.805224 0.809601 0.814025 0.818495 0.82301 0.827568 0.832169 0.836812 0.841494 0.846216 0.850976 0.855772 0.860604 0.865471 0.870371 0.875302 0.880265 0.885257 0.890277 0.895324 0.900397 0.905495 0.910616 0.915759 0.920923 0.926107 0.931308 0.936527 0.941761 0.94701 0.952271 0.957545 0.962829 0.968122 0.973423 0.97873 0.984043 0.98936 0.994679 
